01;3;20241017135448781;11.4;3.1;83801448;7;0;0;1.627;27.6;1;0;4.1;0.0;0;4.0;2.0;0;3.8;2.0;0;3.9;2.0;0;3.8;2.0;0;3.9;2.0;0;3.8;2.0
01;3;20241017135454242;11.1;3.5;5460;9;11;3;1.804;34.2;1;0;4.0;0.0;0;3.8;2.0;0;3.7;2.0;0;3.9;2.0;0;3.7;2.0;0;3.6;2.0;0;3.8;2.0;0;3.7;2.0;0;3.6;2.0
01;3;20241017135500093;19.5;1.6;5854;2;21;4;0.661;1.0;1;0;0.5;0.0;0;0.5;2.0
01;3;20241017135502851;18.8;2.9;2755;3;10;2;0.957;19.9;1;0;6.8;0.0;0;6.6;2.5;0;6.4;2.0
01;3;20241017135506203;11.4;1.5;3349;5;7;2;1.045;19.8;1;0;4.1;0.0;0;4.0;2.0;0;4.0;2.0;0;3.8;2.0;0;3.7;2.0
01;3;20241017135510601;11.4;3.1;4402;7;10;3;1.627;27.6;1;0;4.1;0.0;0;4.0;2.0;0;3.8;2.0;0;3.9;2.0;0;3.8;2.0;0;3.9;2.0;0;3.8;2.0
01;3;20241017135516054;11.1;3.5;5459;9;11;3;1.805;34.2;1;0;4.0;0.0;0;3.8;2.0;0;3.7;2.0;0;3.8;2.0;0;3.7;2.0;0;3.6;2.0;0;3.8;2.0;0;3.7;2.0;0;3.6;2.0
01;3;20241017135521910;19.5;1.6;5855;2;21;4;0.661;1.0;1;0;0.5;0.0;0;0.5;2.0
01;3;20241017135524667;18.8;2.9;2755;3;10;2;0.957;19.9;1;0;6.8;0.0;0;6.6;2.5;0;6.4;2.0
01;3;20241017135528019;11.4;1.5;3349;5;7;2;1.045;19.8;1;0;4.1;0.0;0;4.0;2.0;0;4.0;2.0;0;3.8;2.0;0;3.7;2.0
01;3;20241017135532425;11.4;3.1;4402;7;10;3;1.627;27.6;1;0;4.1;0.0;0;4.0;2.0;0;3.8;2.0;0;3.9;2.0;0;3.8;2.0;0;3.9;2.0;0;3.8;2.0
01;3;20241017135537878;11.1;3.5;5459;9;11;3;1.805;34.2;1;0;4.0;0.0;0;3.8;2.0;0;3.7;2.0;0;3.8;2.0;0;3.7;2.0;0;3.6;2.0;0;3.8;2.0;0;3.7;2.0;0;3.6;2.0
01;3;20241017135543734;19.5;1.6;5855;2;21;4;0.661;1.0;1;0;0.5;0.0;0;0.5;2.0
01;3;20241017135546492;18.8;2.9;2755;3;10;2;0.957;19.9;1;0;6.8;0.0;0;6.6;2.5;0;6.4;2.0
01;3;20241017135549843;11.4;1.5;3349;5;7;2;1.045;19.8;1;0;4.1;0.0;0;4.0;2.0;0;4.0;2.0;0;3.8;2.0;0;3.7;2.0
01;3;20241017135554242;11.4;3.1;4402;7;10;3;1.627;27.6;1;0;4.1;0.0;0;4.0;2.0;0;3.8;2.0;0;3.9;2.0;0;3.8;2.0;0;3.9;2.0;0;3.8;2.0
01;3;20241017135559703;11.1;3.5;5459;9;11;3;1.805;34.1;1;0;4.0;0.0;0;3.8;2.0;0;3.7;2.0;0;3.8;2.0;0;3.7;2.0;0;3.6;2.0;0;3.8;2.0;0;3.7;2.0;0;3.6;2.0
01;3;20241017135605558;19.6;1.7;5855;2;22;4;0.662;1.0;1;0;0.5;0.0;0;0.5;2.0
01;3;20241017135608316;18.8;2.9;2755;3;10;2;0.957;19.9;1;0;6.8;0.0;0;6.6;2.5;0;6.4;2.0
01;3;20241017135611656;11.4;1.5;3349;5;7;2;1.045;19.8;1;0;4.1;0.0;0;4.0;2.0;0;4.0;2.0;0;3.8;2.0;0;3.7;2.0
01;3;20241017135616062;11.4;3.1;4402;7;10;3;1.627;27.6;1;0;4.1;0.0;0;4.0;2.0;0;3.8;2.0;0;3.9;2.0;0;3.8;2.0;0;3.9;2.0;0;3.8;2.0
01;3;20241017135621523;11.1;3.5;5459;9;11;3;1.806;34.3;1;0;4.0;0.0;0;3.9;2.0;0;3.7;2.0;0;3.9;2.0;0;3.7;2.0;0;3.6;2.0;0;3.8;2.0;0;3.7;2.0;0;3.6;2.0
01;3;20241017135627375;19.6;1.7;5855;2;22;4;0.662;1.0;1;0;0.5;0.0;0;0.5;2.0
01;3;20241017135630136;18.8;2.9;2755;3;10;2;0.957;19.9;1;0;6.8;0.0;0;6.7;2.5;0;6.4;2.0
01;3;20241017135633480;11.4;1.5;3349;5;7;2;1.045;19.9;1;0;4.1;0.0;0;4.0;2.0;0;4.0;2.0;0;3.9;2.0;0;3.7;2.0
01;3;20241017135637886;11.4;3.1;4402;7;10;3;1.627;27.6;1;0;4.1;0.0;0;4.0;2.0;0;3.8;2.0;0;3.9;2.0;0;3.8;2.0;0;3.9;2.0;0;3.8;2.0
01;3;20241017135643347;11.1;3.5;5459;9;11;3;1.806;34.3;1;0;4.0;0.0;0;3.9;2.0;0;3.7;2.0;0;3.9;2.0;0;3.7;2.0;0;3.6;2.0;0;3.8;2.0;0;3.7;2.0;0;3.6;2.0
01;3;20241017135649199;19.6;1.7;5855;2;22;4;0.662;1.0;1;0;0.5;0.0;0;0.5;2.0
01;3;20241017135651949;18.8;2.9;2755;3;10;2;0.957;19.9;1;0;6.8;0.0;0;6.7;2.5;0;6.4;2.0
01;3;20241017135655304;11.4;1.5;3346;5;7;2;1.047;19.8;1;0;4.1;0.0;0;4.0;2.0;0;4.0;2.0;0;3.8;2.0;0;3.7;2.0
01;3;20241017135659703;11.3;3.1;4404;7;10;3;1.628;27.6;1;0;4.1;0.0;0;4.0;2.0;0;3.8;2.0;0;3.9;2.0;0;3.8;2.0;0;3.9;2.0;0;3.8;2.0
01;3;20241017135705160;11.1;3.5;5460;9;11;3;1.806;34.3;1;0;4.0;0.0;0;3.9;2.0;0;3.7;2.0;0;3.9;2.0;0;3.7;2.0;0;3.6;2.0;0;3.8;2.0;0;3.7;2.0;0;3.6;2.0
01;3;20241017135711019;19.6;1.7;5855;2;22;4;0.662;1.0;1;0;0.5;0.0;0;0.5;2.0
01;3;20241017135713773;18.8;2.9;2755;3;10;2;0.957;19.9;1;0;6.8;0.0;0;6.6;2.5;0;6.4;2.0
01;3;20241017135717125;11.4;1.5;3346;5;7;2;1.047;19.8;1;0;4.1;0.0;0;4.0;2.0;0;4.0;2.0;0;3.8;2.0;0;3.7;2.0
01;3;20241017135721523;11.3;3.1;4404;7;10;3;1.628;27.5;1;0;4.1;0.0;0;4.0;2.0;0;3.8;2.0;0;3.9;2.0;0;3.8;2.0;0;3.9;2.0;0;3.8;2.0
01;3;20241017135726984;11.1;3.5;5460;9;11;3;1.806;34.2;1;0;4.0;0.0;0;3.8;2.0;0;3.7;2.0;0;3.9;2.0;0;3.7;2.0;0;3.6;2.0;0;3.8;2.0;0;3.7;2.0;0;3.6;2.0
01;3;20241017135732843;19.6;1.7;5855;2;22;4;0.662;1.0;1;0;0.5;0.0;0;0.5;2.0
01;3;20241017135735593;18.8;2.9;2755;3;10;2;0.957;19.9;1;0;6.7;0.0;0;6.6;2.5;0;6.4;2.0
01;3;20241017135738937;11.4;1.5;3346;5;7;2;1.047;19.8;1;0;4.1;0.0;0;4.0;2.0;0;4.0;2.0;0;3.8;2.0;0;3.7;2.0
01;3;20241017135743343;11.4;3.1;4404;7;10;3;1.628;27.6;1;0;4.1;0.0;0;4.0;2.0;0;3.8;2.0;0;3.9;2.0;0;3.8;2.0;0;3.9;2.0;0;3.8;2.0
01;3;20241017135748804;11.1;3.5;5460;9;11;3;1.806;34.3;1;0;4.0;0.0;0;3.9;2.0;0;3.7;2.0;0;3.9;2.0;0;3.7;2.0;0;3.6;2.0;0;3.8;2.0;0;3.7;2.0;0;3.6;2.0
01;3;20241017135754664;19.6;1.7;5855;2;22;4;0.662;1.0;1;0;0.5;0.0;0;0.5;2.0
01;3;20241017135757417;18.8;2.9;2755;3;10;2;0.957;19.9;1;0;6.7;0.0;0;6.6;2.5;0;6.4;2.0
01;3;20241017135800761;11.4;1.5;3346;5;7;2;1.047;19.8;1;0;4.1;0.0;0;4.0;2.0;0;4.0;2.0;0;3.8;2.0;0;3.7;2.0
01;3;20241017135805167;11.4;3.1;4404;7;10;3;1.628;27.6;1;0;4.1;0.0;0;4.0;2.0;0;3.8;2.0;0;3.9;2.0;0;3.8;2.0;0;3.9;2.0;0;3.8;2.0
01;3;20241017135810628;11.1;3.5;5460;9;11;3;1.806;34.3;1;0;4.0;0.0;0;3.9;2.0;0;3.7;2.0;0;3.9;2.0;0;3.7;2.0;0;3.6;2.0;0;3.8;2.0;0;3.7;2.0;0;3.6;2.0
01;3;20241017135816488;19.6;1.7;5855;2;22;4;0.662;1.0;1;0;0.5;0.0;0;0.5;2.0
01;3;20241017135819238;18.8;2.9;2755;3;10;2;0.957;19.9;1;0;6.8;0.0;0;6.6;2.5;0;6.4;2.0
01;3;20241017135822589;11.4;1.5;3346;5;7;2;1.047;19.8;1;0;4.1;0.0;0;4.0;2.0;0;4.0;2.0;0;3.8;2.0;0;3.7;2.0
01;3;20241017135826988;11.4;3.1;4404;7;10;3;1.628;27.6;1;0;4.1;0.0;0;4.0;2.0;0;3.8;2.0;0;4.0;2.0;0;3.8;2.0;0;3.9;2.0;0;3.8;2.0
01;3;20241017135832261;11.1;3.5;5460;9;11;3;1.806;34.2;1;0;4.0;0.0;0;3.8;2.0;0;3.7;2.0;0;3.9;2.0;0;3.7;2.0;0;3.6;2.0;0;3.8;2.0;0;3.7;2.0;0;3.6;2.0
01;3;20241017135838121;19.6;1.7;5855;2;22;4;0.662;1.0;1;0;0.5;0.0;0;0.5;2.0
01;3;20241017135840871;18.8;2.9;2755;3;10;2;0.957;19.9;1;0;6.8;0.0;0;6.6;2.5;0;6.4;2.0
01;3;20241017135844218;11.4;1.5;3346;5;7;2;1.047;19.8;1;0;4.1;0.0;0;4.0;2.0;0;4.0;2.0;0;3.8;2.0;0;3.7;2.0
01;3;20241017135848625;11.4;3.1;4404;7;10;3;1.628;27.6;1;0;4.1;0.0;0;4.0;2.0;0;3.8;2.0;0;3.9;2.0;0;3.8;2.0;0;3.9;2.0;0;3.8;2.0
01;3;20241017135854082;11.1;3.5;5460;9;11;3;1.806;34.3;1;0;4.0;0.0;0;3.9;2.0;0;3.7;2.0;0;3.9;2.0;0;3.7;2.0;0;3.6;2.0;0;3.8;2.0;0;3.7;2.0;0;3.6;2.0
01;3;20241017135859941;19.6;1.7;5855;2;22;4;0.662;1.0;1;0;0.5;0.0;0;0.5;2.0
01;3;20241017135902695;18.8;2.9;2755;3;10;2;0.957;19.9;1;0;6.8;0.0;0;6.7;2.5;0;6.4;2.0
01;3;20241017135906039;10.4;1.5;3346;5;6;2;1.048;18.0;1;0;3.7;0.0;0;3.6;2.0;0;3.6;2.0;0;3.5;2.0;0;3.4;2.0
01;3;20241017135910445;11.4;3.1;4404;7;10;3;1.628;27.6;1;0;4.1;0.0;0;4.0;2.0;0;3.8;2.0;0;3.9;2.0;0;3.8;2.0;0;3.9;2.0;0;3.8;2.0
01;3;20241017135915906;11.1;3.5;5460;9;11;3;1.806;34.3;1;0;4.0;0.0;0;3.9;2.0;0;3.7;2.0;0;3.8;2.0;0;3.7;2.0;0;3.6;2.0;0;3.8;2.0;0;3.7;2.0;0;3.6;2.0
01;3;20241017135921765;19.6;1.7;5855;2;22;4;0.662;1.0;1;0;0.5;0.0;0;0.5;2.0
01;3;20241017135924515;18.8;2.9;2755;3;10;2;0.957;19.9;1;0;6.8;0.0;0;6.7;2.5;0;6.4;2.0
01;3;20241017135927859;11.4;1.5;3346;5;7;2;1.047;19.8;1;0;4.1;0.0;0;4.0;2.0;0;4.0;2.0;0;3.8;2.0;0;3.7;2.0
01;3;20241017135932265;11.4;3.1;4404;7;10;3;1.628;27.6;1;0;4.1;0.0;0;4.0;2.0;0;3.8;2.0;0;3.9;2.0;0;3.8;2.0;0;3.9;2.0;0;3.8;2.0
01;3;20241017135937726;11.1;3.5;5460;9;11;3;1.806;34.3;1;0;4.0;0.0;0;3.9;2.0;0;3.7;2.0;0;3.9;2.0;0;3.7;2.0;0;3.6;2.0;0;3.8;2.0;0;3.7;2.0;0;3.6;2.0
01;3;20241017135943585;19.6;1.7;5855;2;22;4;0.661;1.0;1;0;0.5;0.0;0;0.5;2.0
01;3;20241017135946339;18.8;2.9;2755;3;10;2;0.957;19.9;1;0;6.7;0.0;0;6.7;2.5;0;6.4;2.0
01;3;20241017135949683;11.4;1.5;3346;5;7;2;1.045;19.8;1;0;4.1;0.0;0;4.0;2.0;0;4.0;2.0;0;3.8;2.0;0;3.7;2.0
01;3;20241017135954089;11.4;3.1;4404;7;10;3;1.629;27.7;1;0;4.1;0.0;0;4.0;2.0;0;3.8;2.0;0;4.0;2.0;0;3.8;2.0;0;3.9;2.0;0;3.8;2.0
01;3;20241017135959550;11.1;3.5;5460;9;11;3;1.806;34.3;1;0;4.0;0.0;0;3.9;2.0;0;3.7;2.0;0;3.9;2.0;0;3.7;2.0;0;3.6;2.0;0;3.8;2.0;0;3.7;2.0;0;3.6;2.0
01;3;20241017140005398;19.6;1.7;5855;2;22;4;0.661;1.0;1;0;0.5;0.0;0;0.5;2.0
01;3;20241017140008160;18.8;2.9;2755;3;10;2;0.957;19.9;1;0;6.8;0.0;0;6.7;2.5;0;6.4;2.0
01;3;20241017140011503;11.4;1.5;3346;5;7;2;1.045;19.8;1;0;4.1;0.0;0;4.0;2.0;0;4.0;2.0;0;3.8;2.0;0;3.7;2.0
01;3;20241017140015910;11.4;3.1;4404;7;10;3;1.629;27.6;1;0;4.1;0.0;0;4.0;2.0;0;3.8;2.0;0;4.0;2.0;0;3.8;2.0;0;3.9;2.0;0;3.8;2.0
01;3;20241017140021371;11.1;3.5;5460;9;11;3;1.804;34.3;1;0;4.0;0.0;0;3.9;2.0;0;3.7;2.0;0;3.9;2.0;0;3.7;2.0;0;3.6;2.0;0;3.8;2.0;0;3.7;2.0;0;3.6;2.0
01;3;20241017140027222;19.6;1.7;5855;2;22;4;0.661;1.0;1;0;0.5;0.0;0;0.5;2.0
01;3;20241017140029976;18.8;2.9;2755;3;10;2;0.956;19.9;1;0;6.8;0.0;0;6.6;2.5;0;6.4;2.0
01;3;20241017140033328;11.4;1.5;3346;5;7;2;1.045;19.8;1;0;4.1;0.0;0;4.0;2.0;0;4.0;2.0;0;3.8;2.0;0;3.7;2.0
01;3;20241017140037726;11.4;3.1;4404;7;10;3;1.629;27.6;1;0;4.1;0.0;0;4.0;2.0;0;3.8;2.0;0;4.0;2.0;0;3.8;2.0;0;3.9;2.0;0;3.8;2.0
01;3;20241017140043187;11.1;3.5;5460;9;11;3;1.804;34.3;1;0;4.0;0.0;0;3.9;2.0;0;3.7;2.0;0;3.9;2.0;0;3.7;2.0;0;3.6;2.0;0;3.8;2.0;0;3.7;2.0;0;3.6;2.0
01;3;20241017140049046;19.6;1.7;5855;2;22;4;0.661;1.0;1;0;0.5;0.0;0;0.5;2.0
01;3;20241017140051796;18.8;2.9;2752;3;10;2;0.959;19.9;1;0;6.8;0.0;0;6.6;2.5;0;6.4;2.0
01;3;20241017140055152;11.4;1.5;3349;5;7;2;1.045;19.8;1;0;4.1;0.0;0;4.0;2.0;0;4.0;2.0;0;3.8;2.0;0;3.7;2.0
01;3;20241017140059546;11.4;3.1;4404;7;10;3;1.630;27.7;1;0;4.1;0.0;0;4.0;2.0;0;3.8;2.0;0;4.0;2.0;0;3.8;2.0;0;3.9;2.0;0;3.8;2.0
01;3;20241017140105007;11.1;3.5;5460;9;11;3;1.804;34.3;1;0;4.0;0.0;0;3.9;2.0;0;3.7;2.0;0;3.9;2.0;0;3.7;2.0;0;3.6;2.0;0;3.8;2.0;0;3.7;2.0;0;3.6;2.0
01;3;20241017140110867;19.6;1.7;5855;2;22;4;0.661;1.0;1;0;0.5;0.0;0;0.5;2.0
01;3;20241017140113621;18.8;2.9;2752;3;10;2;0.959;19.9;1;0;6.8;0.0;0;6.6;2.5;0;6.4;2.0
01;3;20241017140116964;11.4;1.5;3349;5;7;2;1.045;19.8;1;0;4.1;0.0;0;4.0;2.0;0;4.0;2.0;0;3.8;2.0;0;3.7;2.0
01;3;20241017140121371;11.4;3.1;4404;7;10;3;1.630;27.7;1;0;4.1;0.0;0;4.0;2.0;0;3.8;2.0;0;4.0;2.0;0;3.8;2.0;0;3.9;2.0;0;3.8;2.0
01;3;20241017140126832;11.1;3.5;5460;9;11;3;1.804;34.3;1;0;4.0;0.0;0;3.9;2.0;0;3.7;2.0;0;3.9;2.0;0;3.7;2.0;0;3.6;2.0;0;3.8;2.0;0;3.7;2.0;0;3.6;2.0
01;3;20241017140132687;19.6;1.7;5855;2;22;4;0.661;1.0;1;0;0.5;0.0;0;0.5;2.0
01;3;20241017140135441;18.8;2.9;2752;3;10;2;0.959;19.9;1;0;6.8;0.0;0;6.6;2.5;0;6.4;2.0
01;3;20241017140138792;11.4;1.5;3349;5;7;2;1.045;19.8;1;0;4.1;0.0;0;4.0;2.0;0;4.0;2.0;0;3.8;2.0;0;3.7;2.0
01;3;20241017140143191;11.4;3.1;4404;7;10;3;1.630;27.7;1;0;4.1;0.0;0;4.0;2.0;0;3.8;2.0;0;4.0;2.0;0;3.8;2.0;0;4.0;2.0;0;3.8;2.0
01;3;20241017140148652;11.1;3.5;5460;9;11;3;1.804;34.2;1;0;4.0;0.0;0;3.8;2.0;0;3.7;2.0;0;3.9;2.0;0;3.7;2.0;0;3.6;2.0;0;3.8;2.0;0;3.7;2.0;0;3.6;2.0
01;3;20241017140154574;22.4;1.9;5922;2;25;4;0.627;1.0;1;0;0.5;0.0;0;0.5;2.0
01;3;20241017140157261;18.8;2.9;2685;3;10;2;0.959;19.9;1;0;6.8;0.0;0;6.6;2.5;0;6.4;2.0
01;3;20241017140200609;11.4;1.5;3349;5;7;2;1.045;19.8;1;0;4.1;0.0;0;4.0;2.0;0;4.0;2.0;0;3.8;2.0;0;3.7;2.0
01;3;20241017140205015;11.4;3.1;4404;7;10;3;1.630;27.7;1;0;4.1;0.0;0;4.0;2.0;0;3.8;2.0;0;4.0;2.0;0;3.8;2.0;0;4.0;2.0;0;3.8;2.0
01;3;20241017140210472;11.1;3.5;5460;9;11;3;1.803;34.3;1;0;4.0;0.0;0;3.9;2.0;0;3.7;2.0;0;3.9;2.0;0;3.7;2.0;0;3.6;2.0;0;3.8;2.0;0;3.7;2.0;0;3.6;2.0
01;3;20241017140216332;19.6;1.7;5855;2;22;4;0.661;1.0;1;0;0.5;0.0;0;0.5;2.0
01;3;20241017140219085;18.8;2.9;2752;3;10;2;0.959;19.9;1;0;6.7;0.0;0;6.7;2.5;0;6.4;2.0
01;3;20241017140222429;11.4;1.5;3349;5;7;2;1.045;19.8;1;0;4.1;0.0;0;4.0;2.0;0;4.0;2.0;0;3.8;2.0;0;3.7;2.0
01;3;20241017140226835;11.4;3.1;4404;7;10;3;1.630;27.7;1;0;4.1;0.0;0;4.0;2.0;0;3.8;2.0;0;4.0;2.0;0;3.8;2.0;0;4.0;2.0;0;3.8;2.0
01;3;20241017140232296;11.1;3.5;5460;9;11;3;1.803;34.3;1;0;4.0;0.0;0;3.9;2.0;0;3.7;2.0;0;3.9;2.0;0;3.7;2.0;0;3.6;2.0;0;3.8;2.0;0;3.7;2.0;0;3.6;2.0
01;3;20241017140238156;19.6;1.7;5855;2;22;4;0.661;1.0;1;0;0.5;0.0;0;0.5;2.0
01;3;20241017140240898;18.8;2.9;2752;3;10;2;0.959;19.9;1;0;6.7;0.0;0;6.6;2.5;0;6.4;2.0
01;3;20241017140244253;11.4;1.5;3349;5;7;2;1.044;19.8;1;0;4.1;0.0;0;4.0;2.0;0;4.0;2.0;0;3.8;2.0;0;3.7;2.0
01;3;20241017140248660;11.4;3.1;4404;7;10;3;1.630;27.7;1;0;4.1;0.0;0;4.0;2.0;0;3.8;2.0;0;4.0;2.0;0;3.8;2.0;0;3.9;2.0;0;3.8;2.0
01;3;20241017140254117;11.1;3.5;5460;9;11;3;1.803;34.3;1;0;4.0;0.0;0;3.9;2.0;0;3.7;2.0;0;3.9;2.0;0;3.7;2.0;0;3.6;2.0;0;3.8;2.0;0;3.7;2.0;0;3.6;2.0
01;3;20241017140259968;19.6;1.7;5855;2;22;4;0.661;1.0;1;0;0.5;0.0;0;0.5;2.0
01;3;20241017140302722;18.8;2.9;2752;3;10;2;0.959;19.9;1;0;6.8;0.0;0;6.6;2.5;0;6.4;2.0
01;3;20241017140306074;11.4;1.5;3349;5;7;2;1.044;19.8;1;0;4.1;0.0;0;4.0;2.0;0;4.0;2.0;0;3.8;2.0;0;3.7;2.0
01;3;20241017140310480;11.4;3.1;4404;7;10;3;1.630;27.7;1;0;4.1;0.0;0;4.0;2.0;0;3.8;2.0;0;4.0;2.0;0;3.8;2.0;0;3.9;2.0;0;3.8;2.0
01;3;20241017140315933;11.1;3.5;5457;9;11;3;1.804;34.2;1;0;4.0;0.0;0;3.8;2.0;0;3.7;2.0;0;3.8;2.0;0;3.7;2.0;0;3.6;2.0;0;3.8;2.0;0;3.7;2.0;0;3.6;2.0
01;3;20241017140321792;19.6;1.7;5858;2;22;4;0.660;1.0;1;0;0.5;0.0;0;0.5;2.0
01;3;20241017140324546;18.8;2.9;2752;3;10;2;0.959;19.9;1;0;6.8;0.0;0;6.6;2.5;0;6.4;2.0
01;3;20241017140327898;11.4;1.5;3349;5;7;2;1.045;19.8;1;0;4.1;0.0;0;4.0;2.0;0;4.0;2.0;0;3.8;2.0;0;3.7;2.0
01;3;20241017140332011;11.4;3.1;4404;7;10;3;1.630;27.7;1;0;4.1;0.0;0;4.0;2.0;0;3.8;2.0;0;4.0;2.0;0;3.8;2.0;0;4.0;2.0;0;3.8;2.0
01;3;20241017140337472;11.1;3.5;5457;9;11;3;1.804;34.2;1;0;4.0;0.0;0;3.8;2.0;0;3.7;2.0;0;3.8;2.0;0;3.7;2.0;0;3.6;2.0;0;3.8;2.0;0;3.7;2.0;0;3.6;2.0
01;3;20241017140343332;19.6;1.7;5858;2;22;4;0.660;1.0;1;0;0.5;0.0;0;0.5;2.0
01;3;20241017140346085;18.8;2.9;2752;3;10;2;0.959;19.9;1;0;6.8;0.0;0;6.6;2.5;0;6.4;2.0
01;3;20241017140349437;11.4;1.5;3349;5;7;2;1.045;19.8;1;0;4.1;0.0;0;4.0;2.0;0;4.0;2.0;0;3.8;2.0;0;3.7;2.0
01;3;20241017140353929;12.7;3.5;4498;7;12;3;1.583;30.7;1;0;4.5;0.0;0;4.4;2.0;0;4.2;2.0;0;4.4;2.0;0;4.2;2.0;0;4.4;2.0;0;4.2;2.0
01;3;20241017140359296;11.1;3.5;5363;9;11;3;1.804;34.1;1;0;4.0;0.0;0;3.8;2.0;0;3.7;2.0;0;3.8;2.0;0;3.7;2.0;0;3.6;2.0;0;3.8;2.0;0;3.7;2.0;0;3.6;2.0
01;3;20241017140405152;19.6;1.7;5858;2;22;4;0.660;1.0;1;0;0.5;0.0;0;0.5;2.0
01;3;20241017140407906;18.8;2.9;2752;3;10;2;0.959;19.9;1;0;6.8;0.0;0;6.6;2.5;0;6.4;2.0
01;3;20241017140411250;11.4;1.5;3349;5;7;2;1.045;19.8;1;0;4.1;0.0;0;4.0;2.0;0;4.0;2.0;0;3.8;2.0;0;3.7;2.0
01;3;20241017140415656;11.4;3.1;4404;7;10;3;1.630;27.7;1;0;4.1;0.0;0;4.0;2.0;0;3.8;2.0;0;4.0;2.0;0;3.8;2.0;0;4.0;2.0;0;3.8;2.0
01;3;20241017140421117;11.1;3.5;5457;9;11;3;1.804;34.1;1;0;4.0;0.0;0;3.8;2.0;0;3.7;2.0;0;3.8;2.0;0;3.7;2.0;0;3.6;2.0;0;3.8;2.0;0;3.7;2.0;0;3.6;2.0
01;3;20241017140426976;19.6;1.7;5858;2;22;4;0.660;1.0;1;0;0.5;0.0;0;0.5;2.0
01;3;20241017140429730;18.8;2.9;2752;3;10;2;0.959;19.9;1;0;6.8;0.0;0;6.6;2.5;0;6.4;2.0
01;3;20241017140433074;11.4;1.5;3349;5;7;2;1.045;19.8;1;0;4.1;0.0;0;4.0;2.0;0;4.0;2.0;0;3.8;2.0;0;3.7;2.0
01;3;20241017140437480;11.4;3.1;4404;7;10;3;1.630;27.7;1;0;4.1;0.0;0;4.0;2.0;0;3.8;2.0;0;4.0;2.0;0;3.8;2.0;0;4.0;2.0;0;3.8;2.0
01;3;20241017140442937;11.1;3.5;5457;9;11;3;1.804;34.2;1;0;4.0;0.0;0;3.8;2.0;0;3.7;2.0;0;3.8;2.0;0;3.7;2.0;0;3.6;2.0;0;3.8;2.0;0;3.7;2.0;0;3.6;2.0
01;3;20241017140448796;19.6;1.7;5858;2;22;4;0.659;1.0;1;0;0.5;0.0;0;0.5;2.0
01;3;20241017140451546;18.8;2.9;2752;3;10;2;0.959;19.9;1;0;6.8;0.0;0;6.7;2.5;0;6.4;2.0
01;3;20241017140454894;11.4;1.5;3349;5;7;2;1.045;19.8;1;0;4.1;0.0;0;4.0;2.0;0;4.0;2.0;0;3.8;2.0;0;3.7;2.0
01;3;20241017140459300;11.4;3.1;4404;7;10;3;1.630;27.7;1;0;4.1;0.0;0;4.0;2.0;0;3.8;2.0;0;3.9;2.0;0;3.8;2.0;0;4.0;2.0;0;3.8;2.0
01;3;20241017140504757;10.9;3.4;5457;9;11;3;1.797;33.7;1;0;3.9;0.0;0;3.8;2.0;0;3.6;2.0;0;3.8;2.0;0;3.6;2.0;0;3.5;2.0;0;3.8;2.0;0;3.6;2.0;0;3.5;2.0
01;3;20241017140510617;19.6;1.7;5858;2;22;4;0.659;1.0;1;0;0.5;0.0;0;0.5;2.0
01;3;20241017140513367;18.8;2.9;2752;3;10;2;0.959;19.9;1;0;6.8;0.0;0;6.6;2.5;0;6.4;2.0
01;3;20241017140516718;11.4;1.5;3349;5;7;2;1.045;19.8;1;0;4.1;0.0;0;4.0;2.0;0;4.0;2.0;0;3.8;2.0;0;3.7;2.0
01;3;20241017140521125;11.4;3.1;4404;7;10;3;1.630;27.7;1;0;4.1;0.0;0;4.0;2.0;0;3.8;2.0;0;4.0;2.0;0;3.8;2.0;0;4.0;2.0;0;3.8;2.0
01;3;20241017140526578;11.1;3.5;5457;9;11;3;1.804;34.1;1;0;4.0;0.0;0;3.8;2.0;0;3.7;2.0;0;3.8;2.0;0;3.7;2.0;0;3.6;2.0;0;3.8;2.0;0;3.7;2.0;0;3.6;2.0
01;3;20241017140532437;19.6;1.7;5858;2;22;4;0.659;1.0;1;0;0.5;0.0;0;0.5;2.0
01;3;20241017140535187;18.8;2.9;2752;3;10;2;0.957;19.9;1;0;6.8;0.0;0;6.6;2.5;0;6.4;2.0
01;3;20241017140538542;11.4;1.5;3349;5;7;2;1.045;19.8;1;0;4.1;0.0;0;4.0;2.0;0;4.0;2.0;0;3.8;2.0;0;3.7;2.0
01;3;20241017140542937;11.4;3.1;4401;7;10;3;1.631;27.6;1;0;4.1;0.0;0;4.0;2.0;0;3.8;2.0;0;3.9;2.0;0;3.8;2.0;0;3.9;2.0;0;3.8;2.0
01;3;20241017140548402;11.1;3.5;5460;9;11;3;1.804;34.2;1;0;4.0;0.0;0;3.8;2.0;0;3.7;2.0;0;3.8;2.0;0;3.7;2.0;0;3.6;2.0;0;3.8;2.0;0;3.7;2.0;0;3.6;2.0
01;3;20241017140554257;19.5;1.6;5855;2;21;4;0.660;1.0;1;0;0.5;0.0;0;0.5;2.0
01;3;20241017140557011;18.8;2.9;2755;3;10;2;0.957;19.9;1;0;6.8;0.0;0;6.7;2.5;0;6.4;2.0
01;3;20241017140600355;11.4;1.5;3349;5;7;2;1.045;19.9;1;0;4.1;0.0;0;4.0;2.0;0;4.0;2.0;0;3.8;2.0;0;3.7;2.0
01;3;20241017140604761;11.4;3.1;4401;7;10;3;1.630;27.6;1;0;4.1;0.0;0;4.0;2.0;0;3.8;2.0;0;3.9;2.0;0;3.8;2.0;0;3.9;2.0;0;3.8;2.0
01;3;20241017140610222;11.1;3.5;5460;9;11;3;1.804;34.2;1;0;4.0;0.0;0;3.8;2.0;0;3.7;2.0;0;3.8;2.0;0;3.7;2.0;0;3.6;2.0;0;3.8;2.0;0;3.7;2.0;0;3.6;2.0
01;3;20241017140616074;19.5;1.6;5855;2;21;4;0.660;1.0;1;0;0.5;0.0;0;0.5;2.0
01;3;20241017140618835;18.8;2.9;2755;3;10;2;0.957;19.9;1;0;6.8;0.0;0;6.7;2.5;0;6.4;2.0
01;3;20241017140622179;11.4;1.5;3349;5;7;2;1.045;19.9;1;0;4.1;0.0;0;4.0;2.0;0;4.0;2.0;0;3.9;2.0;0;3.7;2.0
01;3;20241017140626585;11.4;3.1;4401;7;10;3;1.628;27.6;1;0;4.1;0.0;0;4.0;2.0;0;3.8;2.0;0;3.9;2.0;0;3.8;2.0;0;3.9;2.0;0;3.8;2.0
01;3;20241017140632042;11.1;3.5;5460;9;11;3;1.804;34.2;1;0;4.0;0.0;0;3.8;2.0;0;3.7;2.0;0;3.9;2.0;0;3.7;2.0;0;3.6;2.0;0;3.8;2.0;0;3.7;2.0;0;3.6;2.0
01;3;20241017140637894;19.5;1.6;5855;2;21;4;0.660;1.0;1;0;0.5;0.0;0;0.5;2.0
01;3;20241017140640656;18.8;2.9;2755;3;10;2;0.957;19.9;1;0;6.8;0.0;0;6.7;2.5;0;6.4;2.0
01;3;20241017140644000;11.4;1.5;3349;5;7;2;1.045;19.9;1;0;4.1;0.0;0;4.0;2.0;0;4.0;2.0;0;3.9;2.0;0;3.7;2.0
01;3;20241017140648406;11.4;3.1;4401;7;10;3;1.628;27.6;1;0;4.1;0.0;0;4.0;2.0;0;3.8;2.0;0;3.9;2.0;0;3.8;2.0;0;3.9;2.0;0;3.8;2.0
01;3;20241017140653867;11.1;3.5;5460;9;11;3;1.804;34.2;1;0;4.0;0.0;0;3.8;2.0;0;3.7;2.0;0;3.8;2.0;0;3.7;2.0;0;3.6;2.0;0;3.8;2.0;0;3.7;2.0;0;3.6;2.0
01;3;20241017140659718;19.5;1.6;5855;2;21;4;0.660;1.0;1;0;0.5;0.0;0;0.5;2.0
01;3;20241017140702468;18.8;2.9;2755;3;10;2;0.957;19.9;1;0;6.8;0.0;0;6.7;2.5;0;6.4;2.0
01;3;20241017140705824;11.4;1.5;3349;5;7;2;1.045;19.8;1;0;4.1;0.0;0;4.0;2.0;0;4.0;2.0;0;3.8;2.0;0;3.7;2.0
01;3;20241017140710218;11.4;3.1;4401;7;10;3;1.628;27.6;1;0;4.1;0.0;0;4.0;2.0;0;3.8;2.0;0;3.9;2.0;0;3.8;2.0;0;3.9;2.0;0;3.8;2.0
01;3;20241017140715679;11.1;3.5;5460;9;11;3;1.804;34.2;1;0;4.0;0.0;0;3.8;2.0;0;3.7;2.0;0;3.8;2.0;0;3.7;2.0;0;3.6;2.0;0;3.8;2.0;0;3.7;2.0;0;3.6;2.0
01;3;20241017140721539;19.5;1.6;5855;2;21;4;0.660;1.0;1;0;0.5;0.0;0;0.5;2.0
01;3;20241017140724292;18.8;2.9;2755;3;10;2;0.957;19.9;1;0;6.8;0.0;0;6.7;2.5;0;6.4;2.0
01;3;20241017140727644;11.4;1.5;3349;5;7;2;1.045;19.8;1;0;4.1;0.0;0;4.0;2.0;0;4.0;2.0;0;3.8;2.0;0;3.7;2.0
01;3;20241017140732042;11.4;3.1;4401;7;10;3;1.628;27.6;1;0;4.1;0.0;0;4.0;2.0;0;3.8;2.0;0;3.9;2.0;0;3.8;2.0;0;3.9;2.0;0;3.8;2.0
01;3;20241017140737503;11.1;3.5;5460;9;11;3;1.804;34.2;1;0;4.0;0.0;0;3.9;2.0;0;3.7;2.0;0;3.8;2.0;0;3.7;2.0;0;3.6;2.0;0;3.8;2.0;0;3.7;2.0;0;3.6;2.0
01;3;20241017140743363;19.6;1.7;5855;2;22;4;0.662;1.0;1;0;0.5;0.0;0;0.5;2.0
01;3;20241017140746117;18.8;2.9;2755;3;10;2;0.957;19.9;1;0;6.8;0.0;0;6.6;2.5;0;6.4;2.0
01;3;20241017140749468;11.4;1.5;3349;5;7;2;1.045;19.8;1;0;4.1;0.0;0;4.0;2.0;0;4.0;2.0;0;3.8;2.0;0;3.7;2.0
01;3;20241017140753867;11.4;3.1;4401;7;10;3;1.628;27.6;1;0;4.1;0.0;0;4.0;2.0;0;3.8;2.0;0;4.0;2.0;0;3.8;2.0;0;3.9;2.0;0;3.8;2.0
01;3;20241017140759324;11.1;3.5;5460;9;11;3;1.804;34.2;1;0;4.0;0.0;0;3.8;2.0;0;3.7;2.0;0;3.8;2.0;0;3.7;2.0;0;3.6;2.0;0;3.8;2.0;0;3.7;2.0;0;3.6;2.0
01;3;20241017140805183;19.6;1.7;5855;2;22;4;0.662;1.0;1;0;0.5;0.0;0;0.5;2.0
01;3;20241017140807937;18.8;2.9;2755;3;10;2;0.957;19.9;1;0;6.8;0.0;0;6.7;2.5;0;6.4;2.0
01;3;20241017140811289;11.4;1.5;3349;5;7;2;1.045;19.8;1;0;4.1;0.0;0;4.0;2.0;0;4.0;2.0;0;3.8;2.0;0;3.7;2.0
01;3;20241017140815687;11.4;3.1;4401;7;10;3;1.628;27.6;1;0;4.1;0.0;0;4.0;2.0;0;3.8;2.0;0;3.9;2.0;0;3.8;2.0;0;3.9;2.0;0;3.8;2.0
01;3;20241017140821148;11.1;3.5;5460;9;11;3;1.805;34.3;1;0;4.0;0.0;0;3.9;2.0;0;3.7;2.0;0;3.9;2.0;0;3.7;2.0;0;3.6;2.0;0;3.8;2.0;0;3.7;2.0;0;3.6;2.0
01;3;20241017140827007;19.6;1.7;5855;2;22;4;0.662;1.0;1;0;0.5;0.0;0;0.5;2.0
01;3;20241017140829890;18.8;2.9;2755;3;10;2;0.957;19.9;1;0;6.8;0.0;0;6.6;2.5;0;6.4;2.0
01;3;20241017140833242;11.4;1.5;3349;5;7;2;1.045;19.8;1;0;4.1;0.0;0;4.0;2.0;0;4.0;2.0;0;3.8;2.0;0;3.7;2.0
01;3;20241017140837640;11.4;3.1;4401;7;10;3;1.628;27.6;1;0;4.1;0.0;0;4.0;2.0;0;3.8;2.0;0;3.9;2.0;0;3.8;2.0;0;3.9;2.0;0;3.8;2.0
