01;1;20000101010242425;18.8;2.9;3052;3;12;2;0.957;4.7;1;0;1.5;0.0;0;1.5;2.5;0;1.5;2.0
01;1;20000101010246824;11.4;1.5;3875;5;9;2;1.045;4.6;1;0;0.9;0.0;0;0.9;2.0;0;0.9;2.0;0;0.9;2.0;0;0.9;2.0
01;1;20000101010252285;11.4;3.1;4931;7;12;3;1.627;6.4;1;0;0.9;0.0;0;0.9;2.0;0;0.9;2.0;0;0.9;2.0;0;0.9;2.0;0;0.9;2.0;0;0.9;2.0
01;1;20000101010258144;11.1;3.5;5658;9;12;4;1.806;8.1;1;0;0.9;0.0;0;0.9;2.0;0;0.9;2.0;0;0.9;2.0;0;0.8;2.0;0;0.8;2.0;0;0.8;2.0;0;0.8;2.0;0;0.8;2.0
01;1;20000101010300898;14.6;1.7;4304;2;13;2;0.662;1.0;1;0;0.5;0.0;0;0.5;2.0
01;1;20000101010304246;18.8;2.9;3052;3;12;2;0.957;4.7;1;0;1.5;0.0;0;1.5;2.5;0;1.5;2.0
01;1;20000101010308644;11.4;1.5;3875;5;9;2;1.045;4.6;1;0;0.9;0.0;0;0.9;2.0;0;0.9;2.0;0;0.9;2.0;0;0.9;2.0
01;1;20000101010314109;11.4;3.1;4933;7;12;3;1.629;6.5;1;0;0.9;0.0;0;0.9;2.0;0;0.9;2.0;0;0.9;2.0;0;0.9;2.0;0;0.9;2.0;0;0.9;2.0
01;1;20000101010319968;16.1;3.5;5656;9;12;4;1.804;8.0;1;0;0.9;0.0;0;0.9;2.0;0;0.9;2.0;0;0.9;2.0;0;0.8;2.0;0;0.8;2.0;0;0.8;2.0;0;0.8;2.0;0;0.8;2.0
01;1;20000101010322718;19.6;1.7;4306;2;13;2;0.661;1.0;1;0;0.5;0.0;0;0.5;2.0
01;1;20000101010326066;18.9;3.0;3050;3;12;2;0.959;4.7;1;0;1.5;0.0;0;1.5;2.5;0;1.5;2.0
01;1;20000101010330468;11.4;1.5;3877;5;9;2;1.046;4.6;1;0;0.9;0.0;0;0.9;2.0;0;0.9;2.0;0;0.9;2.0;0;0.9;2.0
01;1;20000101010335929;11.4;3.1;4931;7;12;3;1.628;6.4;1;0;0.9;0.0;0;0.9;2.0;0;0.9;2.0;0;0.9;2.0;0;0.9;2.0;0;0.9;2.0;0;0.9;2.0
